c Random k-CNF Generator. J. Giraldez-Cru
c   value n = 1000
c   value m = 4210
c   value k = 3
c   value seed = 543
p cnf 1000 4210
-531 645 999 0
623 348 99 0
992 870 -94 0
-647 -685 457 0
-913 -632 -704 0
837 191 957 0
-896 -205 767 0
-596 -506 689 0
-370 -852 -18 0
-189 139 250 0
291 -669 -895 0
289 643 -242 0
-388 634 -111 0
-833 632 -147 0
-289 -544 131 0
-344 -381 321 0
652 -628 877 0
-418 -575 -382 0
458 296 585 0
-475 -485 -723 0
76 -775 743 0
-970 415 -385 0
-563 154 -19 0
-26 -986 -650 0
524 -626 -546 0
654 321 -278 0
-974 -972 -257 0
-850 741 184 0
584 198 479 0
-168 24 315 0
243 -100 441 0
-985 -421 -856 0
722 336 -9 0
92 -361 347 0
-741 236 -972 0
-638 890 645 0
267 215 968 0
-524 -65 709 0
-707 1000 -906 0
537 -167 282 0
-852 761 -381 0
644 98 153 0
-499 -819 -488 0
-860 -910 200 0
-206 -2 436 0
-529 992 -325 0
525 -258 -539 0
493 133 -955 0
-201 191 -954 0
-458 -728 -473 0
-739 -931 585 0
-471 -574 682 0
976 -425 852 0
-463 636 113 0
15 193 -115 0
-450 -721 458 0
-126 -246 -715 0
16 90 200 0
323 -290 -390 0
-276 99 -469 0
-100 190 751 0
-685 -660 677 0
-366 987 -101 0
-218 -450 88 0
682 -464 280 0
-796 -265 352 0
605 742 949 0
672 -757 38 0
-871 -79 -327 0
-612 -707 778 0
433 158 967 0
-183 -842 978 0
-859 -560 965 0
-311 -129 766 0
750 -810 581 0
29 -958 -845 0
-381 -562 938 0
-329 585 -694 0
-367 -455 125 0
-45 419 183 0
-822 851 340 0
140 385 534 0
-118 596 -93 0
434 258 573 0
-199 8 734 0
-779 -36 -691 0
-975 768 -605 0
-912 -97 -189 0
957 815 996 0
-81 211 414 0
615 385 -264 0
955 524 1000 0
-488 993 595 0
932 -426 853 0
-504 976 -860 0
-237 106 247 0
-280 -80 15 0
236 -343 463 0
-424 652 277 0
-419 -732 -487 0
184 699 -871 0
799 -653 747 0
-799 492 739 0
-393 -423 517 0
597 278 492 0
808 866 598 0
55 -145 29 0
-69 -380 -372 0
-531 156 -23 0
159 926 -106 0
-645 -110 -804 0
868 260 808 0
614 -58 299 0
-352 -803 73 0
-868 751 350 0
-360 559 -216 0
309 -613 712 0
337 33 444 0
-708 -563 -599 0
82 -721 876 0
-188 717 337 0
343 584 597 0
-151 -197 6 0
801 901 160 0
874 -768 -911 0
-223 -479 -469 0
790 -787 -433 0
-502 476 -465 0
297 -183 -379 0
-895 617 451 0
122 -804 -167 0
459 498 103 0
-55 1000 -299 0
412 801 551 0
572 674 671 0
-482 248 501 0
-302 -38 640 0
86 -891 115 0
902 -187 -297 0
-280 -433 -913 0
82 -554 -68 0
-248 364 918 0
-350 -418 917 0
-1 -830 717 0
903 753 -390 0
573 -234 990 0
74 -887 -27 0
713 324 269 0
-827 225 -455 0
475 -504 -239 0
740 937 144 0
159 -184 508 0
76 -886 277 0
-993 238 458 0
-709 140 210 0
-451 -713 795 0
-440 138 -681 0
-818 -850 -4 0
-86 28 -228 0
-892 -502 -83 0
482 -241 -19 0
-625 752 -555 0
484 827 792 0
761 -819 -29 0
-218 -880 520 0
-428 -682 -232 0
-222 -473 -369 0
255 642 570 0
610 -727 -597 0
190 -970 451 0
-272 -451 43 0
-643 -427 794 0
-549 -911 -621 0
-340 23 -791 0
720 -240 22 0
-239 -19 55 0
823 593 -527 0
543 -847 -168 0
-113 -456 -246 0
61 -645 567 0
511 -269 369 0
554 -263 148 0
-347 163 -58 0
319 854 432 0
-110 -573 23 0
483 163 -42 0
538 985 -634 0
-64 -528 832 0
584 992 639 0
181 -52 -284 0
-748 915 -904 0
-116 -468 518 0
615 166 -680 0
-672 485 -533 0
455 -594 457 0
478 -76 619 0
-519 -613 -604 0
504 -29 -483 0
-335 964 826 0
-973 144 -877 0
-608 -891 -791 0
863 -359 610 0
-380 -973 776 0
411 -997 -260 0
-943 -451 205 0
751 -928 632 0
-370 -798 -245 0
325 -301 625 0
159 -987 588 0
984 312 -731 0
-860 -919 974 0
-3 134 684 0
964 -513 -656 0
-739 -924 4 0
350 -218 807 0
-554 -969 86 0
-186 -690 -884 0
-782 -14 -536 0
758 524 875 0
-345 507 -186 0
427 718 -456 0
-400 72 -589 0
-83 -36 454 0
91 126 729 0
-94 -476 -946 0
-900 -381 -266 0
338 -918 307 0
-221 51 672 0
108 808 195 0
-982 504 -701 0
519 931 -419 0
-975 682 -490 0
-915 -765 877 0
-368 207 -3 0
-96 -300 -830 0
-394 -552 562 0
-11 241 -480 0
670 -461 882 0
341 920 -690 0
-536 -902 -193 0
588 772 475 0
358 -746 157 0
-848 13 -921 0
76 732 -127 0
430 180 -778 0
-259 925 -681 0
173 -935 -921 0
-652 -604 -733 0
885 297 -653 0
-574 -832 -906 0
119 771 -677 0
593 129 -775 0
-749 328 -787 0
21 -403 870 0
499 -833 49 0
629 443 -973 0
-309 -615 260 0
-582 -618 215 0
666 -503 511 0
670 428 694 0
-575 -546 465 0
604 -139 -593 0
-378 -239 -920 0
-516 -260 674 0
737 110 -506 0
-786 738 301 0
110 399 -915 0
369 332 885 0
584 997 -387 0
94 -667 166 0
-788 593 -712 0
-252 196 -202 0
196 925 792 0
467 792 403 0
140 529 513 0
998 -314 -250 0
-298 -423 -648 0
564 -792 -979 0
-448 727 328 0
-186 -820 -994 0
-352 959 938 0
-415 562 -134 0
968 -757 -58 0
759 -223 -850 0
-162 715 730 0
-674 -712 -43 0
275 361 -817 0
275 -924 -960 0
605 -724 -686 0
-932 261 -858 0
277 -612 -816 0
-215 378 700 0
-345 -486 109 0
456 61 310 0
-617 -775 39 0
-642 838 433 0
268 -198 -250 0
542 473 561 0
147 -196 -247 0
430 809 456 0
-707 -420 623 0
273 150 352 0
972 846 -838 0
80 301 -898 0
390 269 24 0
428 -910 -861 0
861 -178 410 0
462 -719 882 0
22 217 430 0
-268 647 238 0
75 -353 9 0
698 977 -158 0
-49 948 -4 0
238 27 656 0
-135 -416 925 0
510 196 -834 0
722 -56 363 0
131 -517 434 0
-13 -538 -650 0
794 -158 648 0
31 -232 352 0
-39 281 328 0
-549 -330 -275 0
904 919 654 0
-559 -54 -69 0
-483 915 616 0
-669 637 -671 0
383 -767 539 0
-816 131 -77 0
818 924 -586 0
-465 -954 -169 0
-817 -345 -450 0
496 245 -131 0
-771 148 -49 0
776 58 -454 0
-844 -541 721 0
-460 561 -357 0
-482 -943 475 0
-21 111 -606 0
-449 928 -529 0
386 744 -835 0
-554 -560 531 0
-355 408 775 0
837 530 -922 0
238 305 -979 0
-691 500 -871 0
763 311 783 0
-119 -793 -726 0
-594 -165 -836 0
551 965 115 0
431 350 858 0
617 255 770 0
147 -610 177 0
-921 798 706 0
194 35 -10 0
525 78 -509 0
-395 840 172 0
-178 311 -964 0
255 256 480 0
-90 806 -444 0
-204 -236 -793 0
413 -853 -47 0
182 351 -8 0
358 -272 -806 0
-63 817 -840 0
424 341 -917 0
285 -736 109 0
456 -265 419 0
771 -519 674 0
-250 -960 -479 0
45 -515 -66 0
189 -927 -270 0
587 -109 973 0
-595 818 -244 0
752 -881 412 0
943 656 -753 0
212 -940 840 0
320 747 456 0
-738 -517 326 0
763 118 -285 0
593 -162 -151 0
-658 -350 429 0
-280 -937 889 0
-252 -883 -707 0
-847 -634 939 0
-258 -576 -594 0
-362 -787 -886 0
553 458 -632 0
8 547 501 0
333 309 -618 0
969 -901 132 0
-119 -911 833 0
900 542 121 0
788 145 -3 0
846 -991 -988 0
-784 -600 -916 0
730 314 -54 0
-615 866 -512 0
-598 -874 410 0
450 -206 -719 0
420 -175 971 0
-551 645 -881 0
-383 -544 -422 0
-504 -332 -566 0
-858 529 -908 0
198 -313 -860 0
-113 -42 -173 0
518 -8 390 0
381 -957 -263 0
791 -407 821 0
-509 -826 347 0
831 728 -991 0
-712 462 887 0
-485 317 570 0
403 -175 98 0
662 724 -410 0
-521 188 803 0
45 -705 162 0
-435 -86 471 0
49 228 -877 0
-869 88 -54 0
-215 918 133 0
558 981 -594 0
-444 -466 -911 0
-13 220 -437 0
-110 881 512 0
872 -402 699 0
-674 798 -403 0
188 -232 -840 0
658 633 419 0
886 853 506 0
-939 420 -424 0
423 -977 -404 0
-16 772 221 0
-278 -784 440 0
-66 245 321 0
-577 -116 74 0
-275 142 -871 0
-30 329 -455 0
221 -986 -87 0
-640 -871 291 0
-145 161 710 0
-920 -583 -686 0
676 -950 -457 0
-896 580 -592 0
-336 -645 189 0
8 574 -304 0
-81 200 797 0
303 581 125 0
-757 -802 -110 0
-195 793 -332 0
-486 289 -492 0
-195 -209 -426 0
-233 -884 728 0
-41 131 -307 0
985 818 303 0
173 -825 -876 0
828 257 428 0
625 -560 8 0
-749 668 -809 0
-211 215 953 0
894 -700 242 0
738 -246 -450 0
-163 -830 -685 0
242 223 -815 0
-548 -207 985 0
-851 731 -809 0
-78 -558 418 0
-505 -182 -977 0
865 283 996 0
25 845 210 0
978 738 261 0
-219 475 859 0
20 990 -688 0
-704 231 262 0
-870 -779 -468 0
-854 -981 550 0
-15 -410 -108 0
-432 -267 -641 0
-760 -131 -923 0
-755 507 119 0
-965 -484 857 0
-225 54 -331 0
-83 73 -320 0
-123 128 903 0
-384 350 33 0
-204 555 365 0
105 -569 -774 0
-212 -352 -392 0
-205 463 -874 0
479 570 -381 0
598 -534 216 0
-454 -110 -270 0
136 -545 694 0
808 19 822 0
-710 754 -171 0
94 309 -725 0
458 414 -646 0
583 977 349 0
-975 -181 -812 0
200 12 -381 0
932 -609 -266 0
-148 414 -727 0
769 -549 623 0
462 708 -641 0
-283 769 747 0
805 862 55 0
882 -319 468 0
-527 -902 -445 0
227 -228 977 0
-38 779 988 0
-770 -711 -596 0
387 210 361 0
466 -978 -910 0
88 791 969 0
81 -74 738 0
-827 230 599 0
-881 -111 -918 0
701 989 -171 0
-145 216 -750 0
-121 -253 880 0
461 -375 -590 0
-56 113 -799 0
769 578 -128 0
-678 -666 -919 0
-646 -746 -344 0
-383 -924 925 0
334 156 -36 0
603 856 -24 0
-773 352 -239 0
-874 825 -844 0
-753 285 -570 0
695 692 -682 0
845 460 -260 0
-973 -137 277 0
-243 -135 374 0
938 -869 -297 0
862 554 804 0
249 156 -660 0
-273 280 -11 0
-863 -153 -835 0
-58 258 -119 0
979 -952 163 0
13 -796 622 0
-272 -120 111 0
900 714 597 0
273 -651 -465 0
921 865 371 0
724 113 526 0
-383 737 -806 0
-746 952 310 0
932 -9 -567 0
403 340 870 0
565 352 18 0
-186 975 489 0
-296 874 -203 0
-892 -146 -205 0
-709 -66 -69 0
-79 141 534 0
956 -524 270 0
-761 -621 221 0
-71 -552 582 0
-989 306 -921 0
211 -870 -272 0
228 -408 598 0
-716 55 471 0
270 299 -616 0
827 -7 -33 0
-895 -437 -173 0
-428 -392 48 0
50 -505 20 0
-270 927 -572 0
203 267 229 0
-123 477 451 0
-746 -704 -858 0
-343 -772 264 0
165 -41 562 0
-780 219 920 0
164 -114 708 0
689 -893 452 0
-736 294 -956 0
-756 -564 234 0
-679 118 500 0
-907 -241 -977 0
709 338 32 0
-566 33 -803 0
182 197 -196 0
-743 329 -414 0
15 -492 -879 0
722 -180 -124 0
173 268 -417 0
-128 -23 -332 0
713 53 -450 0
213 311 -42 0
-189 20 731 0
572 937 763 0
-375 118 -960 0
-922 -861 -288 0
687 -875 -131 0
918 948 663 0
-41 121 -930 0
809 600 304 0
493 313 -356 0
-942 -525 -666 0
335 -65 37 0
65 -636 974 0
-828 -362 -91 0
139 635 303 0
778 -322 529 0
-908 -239 477 0
922 631 -597 0
-851 -439 548 0
506 -931 -860 0
-861 224 736 0
-879 -558 -800 0
-915 975 -788 0
-888 -802 501 0
-331 -940 -136 0
-633 69 809 0
514 -976 -47 0
-990 250 29 0
938 -100 819 0
-485 -606 -750 0
697 -818 325 0
-432 48 235 0
-584 -963 209 0
723 -202 -10 0
-223 884 -301 0
710 869 -369 0
518 -382 -696 0
916 723 -945 0
-944 -660 -397 0
-763 496 354 0
-864 192 523 0
-188 976 571 0
-422 -559 885 0
982 -281 438 0
-991 855 -322 0
-643 565 -190 0
363 -82 -923 0
411 -998 -645 0
-355 293 656 0
-103 407 151 0
-456 -270 -343 0
331 810 -318 0
901 583 228 0
-785 565 860 0
574 907 -714 0
-895 -550 630 0
-436 264 -712 0
710 674 -61 0
-354 381 705 0
361 -483 112 0
-512 -291 733 0
-206 -621 -542 0
875 873 -125 0
-102 9 41 0
313 582 947 0
-26 -477 848 0
-656 -264 112 0
-719 -974 -785 0
131 -679 517 0
-835 -40 352 0
298 903 994 0
31 -108 966 0
-572 334 838 0
48 787 -846 0
-88 99 -427 0
387 476 -255 0
234 483 871 0
-345 553 -844 0
-482 -683 -874 0
-998 870 265 0
701 167 694 0
197 -626 659 0
-769 311 -496 0
168 97 693 0
608 -195 472 0
994 -671 -726 0
-227 505 948 0
924 58 143 0
757 -740 -17 0
106 -609 633 0
807 128 -800 0
500 324 777 0
-159 444 -88 0
6 -612 -184 0
-699 -219 -731 0
-170 -212 -753 0
-247 790 -257 0
547 -713 666 0
689 821 -406 0
-705 927 -366 0
-338 733 -493 0
-489 -232 169 0
617 -742 -612 0
-704 -748 575 0
-240 798 -793 0
322 319 -356 0
-74 -565 498 0
-682 -111 562 0
-348 152 383 0
105 208 309 0
822 897 -41 0
667 -385 -624 0
-835 354 718 0
798 -57 -465 0
373 -648 614 0
517 -969 -932 0
225 -394 848 0
722 428 311 0
283 -775 -462 0
665 231 -669 0
-973 52 -566 0
365 718 -302 0
-989 904 -655 0
58 702 -64 0
-522 -74 63 0
487 -590 384 0
-418 -814 -777 0
617 887 -204 0
-927 170 -330 0
740 -834 -560 0
-409 159 -612 0
-326 -523 681 0
979 -863 585 0
986 -920 -286 0
-49 -793 711 0
-111 -279 652 0
-494 -48 818 0
-623 17 704 0
178 -943 -873 0
-508 35 59 0
-419 795 -217 0
382 -120 -91 0
-63 450 306 0
999 435 -225 0
-284 835 370 0
346 298 1000 0
-997 143 -48 0
-814 -765 -64 0
870 295 -358 0
-742 154 -392 0
152 -572 -186 0
720 306 -657 0
-811 -368 459 0
-116 718 893 0
692 353 -728 0
-61 -698 -25 0
-61 46 -167 0
-460 -860 284 0
875 -729 -578 0
584 -822 -731 0
-976 326 654 0
-513 45 959 0
-522 -855 678 0
-980 -322 -395 0
224 366 -747 0
-951 -426 -796 0
327 838 -842 0
846 649 -53 0
-129 523 133 0
58 -107 306 0
-788 434 631 0
-441 298 676 0
752 -819 882 0
429 -150 556 0
-824 -374 921 0
-922 -676 -346 0
70 355 536 0
263 200 184 0
-315 -328 -707 0
799 737 165 0
104 -524 -598 0
735 -316 247 0
-410 -67 418 0
643 848 -567 0
198 23 -292 0
118 296 320 0
816 -365 674 0
-351 -627 -873 0
-534 293 -552 0
-592 91 -288 0
-756 -195 -163 0
-705 281 830 0
-952 42 249 0
-369 684 -96 0
-287 -882 -118 0
931 351 765 0
-250 166 -130 0
275 -516 -108 0
-147 -402 -401 0
50 345 843 0
689 453 389 0
-851 509 669 0
32 812 -710 0
-280 -180 -394 0
727 -819 -627 0
196 101 -977 0
961 -350 495 0
442 -624 362 0
-549 -122 -763 0
-301 -171 460 0
496 211 -912 0
884 413 -420 0
-553 444 -232 0
614 -724 -763 0
359 802 -933 0
-985 998 -33 0
-314 -958 734 0
-808 -399 709 0
-169 299 -830 0
-284 -600 -352 0
95 -562 -6 0
330 -974 -777 0
-882 770 -360 0
848 845 475 0
206 646 759 0
543 -643 -792 0
-856 952 -525 0
-15 -350 586 0
-535 1 -415 0
170 -600 119 0
-264 -46 -680 0
621 -375 -6 0
750 609 127 0
-109 -456 971 0
935 -661 -616 0
694 -203 611 0
-485 -410 -562 0
-361 776 -264 0
-946 -311 -264 0
-713 832 215 0
-831 -96 -260 0
-862 68 -986 0
-219 817 946 0
-345 -926 -401 0
-315 212 414 0
-283 905 968 0
-893 -389 -378 0
806 -102 -153 0
-69 -399 -815 0
-684 463 -647 0
-898 -293 -94 0
-509 -507 -161 0
-847 77 330 0
-792 -422 607 0
545 -88 818 0
-958 722 723 0
-925 966 463 0
-654 -772 916 0
-159 -192 -315 0
325 228 -777 0
323 477 -422 0
768 -986 -280 0
281 -184 -356 0
610 327 -129 0
216 -871 569 0
-33 -180 -290 0
-755 -457 -256 0
570 462 379 0
485 -620 -570 0
-799 297 149 0
-928 -619 626 0
-701 -387 963 0
332 -667 -146 0
-687 -276 824 0
-168 843 -695 0
-736 -875 226 0
377 -982 34 0
-632 -551 -496 0
362 -35 467 0
284 -186 -763 0
432 -465 734 0
57 517 472 0
19 -848 -138 0
-164 -886 -765 0
-988 405 -607 0
-34 -140 -833 0
611 869 166 0
645 852 68 0
-140 -214 -103 0
958 -497 -640 0
73 -928 456 0
-806 -985 -972 0
-277 355 171 0
-766 871 -56 0
882 -858 -461 0
840 -243 -952 0
-672 205 172 0
190 849 -24 0
257 340 589 0
711 -298 -85 0
702 722 -364 0
157 -527 700 0
-128 -155 55 0
650 272 925 0
-706 153 134 0
-518 -992 728 0
-821 15 932 0
345 -204 -781 0
-368 813 472 0
-956 -523 121 0
-392 -225 842 0
107 -381 720 0
-807 -861 -874 0
213 862 -145 0
-137 -567 649 0
-270 -436 -640 0
349 -609 7 0
280 -953 562 0
412 -672 374 0
884 -979 -897 0
4 722 473 0
-846 828 205 0
-565 986 417 0
791 198 279 0
287 -334 197 0
936 -955 985 0
-575 -303 -593 0
933 935 -897 0
495 -346 920 0
868 -229 -898 0
116 585 971 0
-588 -430 -798 0
-793 -346 -784 0
-209 -136 -981 0
839 -423 667 0
36 710 973 0
20 -284 628 0
964 569 562 0
-860 63 -907 0
131 -930 -488 0
-28 398 424 0
350 -985 -853 0
-147 129 550 0
282 690 38 0
615 528 -460 0
-281 563 -169 0
-253 -582 -804 0
-880 -545 724 0
793 -756 786 0
52 -886 68 0
-539 -265 465 0
-962 -614 -449 0
-166 113 930 0
67 -394 -619 0
104 -8 -146 0
915 640 61 0
435 245 994 0
591 476 -539 0
314 269 646 0
-100 320 -532 0
519 210 148 0
983 -171 -762 0
783 688 226 0
-712 -754 -619 0
682 -858 -979 0
-828 124 970 0
240 -559 214 0
233 -149 690 0
123 814 -958 0
769 265 629 0
652 783 838 0
-799 -765 -8 0
-912 900 47 0
-137 -611 152 0
-108 -293 361 0
438 -472 485 0
407 63 -43 0
-621 295 -543 0
662 -418 -356 0
-619 538 973 0
599 189 755 0
436 339 -520 0
795 -251 -419 0
-841 -739 -381 0
-992 198 25 0
-353 -635 848 0
189 -42 910 0
583 14 -205 0
-125 -675 974 0
-832 -645 511 0
156 -243 -699 0
911 -678 -37 0
782 824 639 0
552 -664 730 0
-932 -7 927 0
-957 711 -562 0
156 -899 -955 0
66 -481 320 0
-270 -957 -994 0
-243 -141 990 0
105 -296 584 0
-803 558 -261 0
-191 339 -84 0
182 890 -99 0
911 -822 457 0
-837 -130 -168 0
-750 -285 418 0
56 702 251 0
-375 -971 559 0
-720 -565 51 0
61 21 699 0
644 -823 256 0
256 366 -595 0
691 -547 -484 0
141 -457 -657 0
598 645 -138 0
117 -395 775 0
-534 802 476 0
-784 529 799 0
695 -248 715 0
745 661 736 0
-443 -304 910 0
-699 -560 -275 0
645 602 173 0
480 743 -629 0
489 340 626 0
-626 -456 372 0
752 341 173 0
-228 477 -701 0
-26 171 -301 0
92 -915 -961 0
827 710 616 0
737 760 527 0
-11 -404 129 0
536 235 871 0
-164 723 -210 0
141 -349 17 0
512 -100 357 0
685 -679 833 0
737 -56 -3 0
-37 -148 -270 0
349 -974 331 0
-965 62 90 0
-491 425 845 0
-619 960 79 0
841 475 802 0
-50 616 502 0
418 127 953 0
775 -811 -632 0
-607 -548 39 0
-962 -936 -186 0
583 -285 -512 0
913 601 925 0
-2 443 349 0
-846 -62 -308 0
276 -902 -783 0
-77 -304 -398 0
-578 -721 876 0
883 847 -687 0
-514 806 -586 0
904 -767 873 0
442 701 509 0
-953 613 -109 0
-877 966 -552 0
578 163 -965 0
-885 438 -218 0
19 -515 873 0
768 -444 946 0
644 -326 792 0
682 -191 597 0
619 -95 715 0
491 888 415 0
-1000 -840 -27 0
460 -68 -992 0
-11 -645 -154 0
-327 -882 944 0
897 -900 810 0
769 20 -253 0
714 -663 -931 0
-506 -344 473 0
454 -962 919 0
169 804 806 0
583 -803 997 0
-610 615 -65 0
-953 -625 -61 0
459 304 294 0
-402 -200 546 0
-211 -968 565 0
815 34 -227 0
-745 891 -922 0
570 344 -235 0
488 512 390 0
294 -95 -193 0
290 56 -807 0
706 -8 -783 0
119 818 438 0
412 -219 -637 0
-957 -781 873 0
-596 342 451 0
-692 232 -372 0
613 575 -958 0
101 -87 -348 0
-394 533 -892 0
35 -588 -50 0
741 -947 -184 0
859 -765 -622 0
-270 -335 -610 0
-579 468 -918 0
-451 415 -259 0
-902 458 842 0
-625 71 -417 0
935 -171 -855 0
634 916 -387 0
-525 950 326 0
926 -690 624 0
461 900 -388 0
434 -170 -75 0
-44 100 894 0
-313 902 -308 0
-924 -803 -765 0
-765 -780 187 0
-533 66 -357 0
739 699 -272 0
-125 -223 574 0
802 500 -263 0
-426 960 -163 0
165 394 -684 0
591 789 135 0
484 453 36 0
143 -376 191 0
-908 -493 322 0
-94 377 387 0
-803 116 85 0
-426 592 659 0
-999 -394 158 0
-614 171 -117 0
128 -335 862 0
163 278 -650 0
297 -761 -103 0
-332 -904 830 0
874 163 -322 0
195 608 51 0
-581 762 -166 0
-665 -188 -757 0
-323 538 -502 0
832 -151 24 0
301 630 -359 0
-162 -792 988 0
164 440 -748 0
618 -772 3 0
-447 997 -165 0
-121 -192 125 0
-171 124 886 0
688 141 -73 0
796 815 963 0
650 -647 465 0
673 -947 95 0
383 -460 -886 0
370 975 -326 0
-118 592 -449 0
472 -39 797 0
-637 511 340 0
113 33 -464 0
998 720 -604 0
423 -515 -418 0
385 -164 -416 0
849 189 714 0
-943 571 526 0
-181 941 500 0
-858 410 92 0
-658 -881 482 0
-454 -869 992 0
-794 -981 -24 0
-609 -979 -743 0
564 753 -609 0
333 137 -125 0
-749 -985 -313 0
814 -280 -883 0
339 812 175 0
839 -669 -584 0
930 -678 817 0
411 483 -685 0
-402 628 -18 0
777 -236 -348 0
871 151 -100 0
831 484 -236 0
-955 -232 -572 0
619 397 203 0
-502 736 -14 0
28 574 -34 0
-612 -503 63 0
780 265 546 0
816 18 -173 0
-833 -794 -761 0
532 16 -911 0
-631 846 746 0
-218 -801 329 0
142 -419 726 0
-344 -272 461 0
710 652 -34 0
95 -263 -888 0
158 394 504 0
-703 209 -521 0
-227 -42 666 0
339 -573 681 0
602 556 526 0
347 125 678 0
676 -266 449 0
-401 962 72 0
213 -671 723 0
598 117 337 0
837 274 730 0
340 -976 939 0
212 555 -980 0
-877 -893 -904 0
-557 -494 811 0
434 193 936 0
112 -868 553 0
-560 620 -514 0
-631 832 -536 0
-354 -429 -653 0
-690 -265 -926 0
772 956 -254 0
710 167 160 0
41 -43 -52 0
296 -951 -898 0
107 736 442 0
-42 -847 -309 0
-594 758 -928 0
460 -389 111 0
-995 -94 891 0
-999 -135 -155 0
277 -906 462 0
882 967 628 0
41 -7 22 0
444 -303 324 0
-341 761 59 0
-782 154 -906 0
-442 -747 -663 0
-721 558 -403 0
183 905 848 0
73 -903 335 0
-227 531 -240 0
40 412 -207 0
667 452 565 0
-688 -896 219 0
-11 588 979 0
422 722 132 0
-327 -163 231 0
-341 -236 -788 0
96 -418 44 0
-943 -491 299 0
-277 -69 829 0
869 -109 -241 0
427 127 44 0
-991 -815 -939 0
-210 -177 879 0
540 -598 -600 0
-672 -276 -114 0
254 969 701 0
393 -64 -119 0
437 358 961 0
-735 987 -29 0
-563 -855 -489 0
-155 -281 -616 0
-199 -623 -782 0
489 -184 310 0
367 76 260 0
318 -747 887 0
-432 352 855 0
-132 744 270 0
602 180 628 0
-562 -914 -614 0
943 -829 820 0
783 335 452 0
-398 885 -74 0
531 374 -610 0
-841 -740 -685 0
452 -58 -783 0
338 841 -134 0
-193 324 -877 0
-462 926 409 0
441 -487 674 0
-54 781 854 0
-873 -564 189 0
676 313 73 0
102 -844 -446 0
-711 -36 -538 0
747 839 947 0
881 -176 -787 0
-14 720 462 0
242 534 387 0
-650 974 226 0
-324 -28 -6 0
-177 -252 921 0
717 -928 -234 0
-790 -29 -429 0
-587 -91 816 0
476 189 -654 0
-422 69 181 0
-560 -82 901 0
-22 675 434 0
760 -325 -407 0
-985 -1000 -786 0
343 -528 390 0
-263 -245 669 0
-848 -386 49 0
628 324 491 0
-443 800 679 0
448 573 747 0
629 -133 180 0
-529 506 854 0
314 265 530 0
-720 -250 881 0
858 944 -409 0
-247 558 -5 0
267 -406 -742 0
-315 385 -65 0
-805 180 216 0
-483 627 -789 0
581 -255 273 0
760 135 -778 0
-613 448 -42 0
495 520 -643 0
-375 377 938 0
135 975 496 0
491 241 253 0
-232 -555 -637 0
-649 -711 -816 0
216 -545 -443 0
-4 -125 -49 0
628 236 -184 0
-405 200 983 0
-799 -694 502 0
793 421 -878 0
-731 -555 -852 0
578 398 444 0
830 981 350 0
818 981 -60 0
-634 197 956 0
-428 552 432 0
828 180 -667 0
-11 -584 219 0
346 734 -912 0
847 -527 684 0
77 609 -239 0
-928 186 988 0
-372 -15 968 0
73 -832 949 0
-133 817 -145 0
440 596 -696 0
-872 424 227 0
890 786 163 0
-108 131 -896 0
372 -978 774 0
-55 -54 -382 0
-645 -333 919 0
-632 -56 285 0
-600 -129 -117 0
900 -613 285 0
-44 404 881 0
-91 -275 -304 0
670 517 -89 0
832 -624 -220 0
-727 347 -549 0
853 -402 -954 0
-234 398 638 0
505 -30 46 0
789 -981 -174 0
257 -880 -138 0
542 -275 -541 0
-422 -717 168 0
77 -386 -684 0
-165 -217 659 0
-736 296 6 0
-636 148 -407 0
941 733 -804 0
579 237 -185 0
624 -26 517 0
149 -282 748 0
-286 -823 -22 0
-178 -596 91 0
697 24 -476 0
-380 -189 45 0
391 -276 -340 0
396 264 839 0
154 204 -571 0
309 -782 -808 0
-494 757 -185 0
362 -905 818 0
110 -542 993 0
-131 72 -588 0
573 -768 -612 0
-49 -500 -152 0
445 -890 -779 0
-784 637 394 0
974 -790 -598 0
-544 -98 731 0
-703 -943 -488 0
239 -305 -744 0
57 -414 638 0
49 896 -709 0
988 469 -828 0
951 869 679 0
454 313 -568 0
-233 448 556 0
-626 421 -345 0
575 316 795 0
-306 -19 -737 0
-145 -257 393 0
240 665 158 0
-877 713 -54 0
-937 -701 -522 0
117 -651 742 0
-795 -105 54 0
715 -689 -501 0
-270 666 273 0
967 -241 588 0
761 898 -606 0
849 394 -215 0
-242 633 -879 0
-399 862 944 0
804 -798 996 0
677 266 998 0
-418 -61 -102 0
823 127 -142 0
-323 -396 160 0
-595 -362 -400 0
535 474 649 0
-140 323 42 0
-706 916 674 0
-937 666 -535 0
-880 -470 685 0
-875 498 -950 0
-872 -916 362 0
-326 -738 488 0
-819 413 236 0
-978 359 -597 0
729 893 423 0
377 385 -745 0
418 442 -660 0
-92 -378 677 0
978 609 -146 0
-662 835 -644 0
964 59 911 0
325 736 1000 0
-813 -554 412 0
400 884 -771 0
348 -612 15 0
770 -989 399 0
-514 758 841 0
-525 201 570 0
-202 179 -699 0
192 -13 -694 0
155 423 -604 0
-480 -158 -604 0
-644 64 367 0
-43 -947 489 0
742 910 504 0
512 250 902 0
377 8 -742 0
254 208 -312 0
807 -386 842 0
-505 -578 206 0
551 84 -629 0
506 -563 138 0
461 -558 -201 0
-828 952 -499 0
-316 694 -409 0
-819 -205 10 0
-721 933 -17 0
-814 186 577 0
-477 992 -962 0
670 849 -891 0
876 399 -975 0
856 -904 -889 0
993 -365 799 0
546 544 -750 0
-44 -859 795 0
-804 30 -999 0
-814 102 -932 0
182 267 469 0
758 -744 461 0
72 -413 309 0
-962 640 -707 0
-288 495 -962 0
529 -488 678 0
327 -33 -221 0
428 -432 223 0
584 813 573 0
749 -914 856 0
930 -180 325 0
-688 -275 -785 0
111 -40 -93 0
424 -679 -151 0
-712 526 -464 0
592 -13 -142 0
-918 -397 -714 0
-345 176 497 0
919 -759 -309 0
492 -507 574 0
347 789 -754 0
-671 -476 -380 0
807 938 771 0
251 361 802 0
753 424 327 0
-217 -15 691 0
-710 284 439 0
775 981 614 0
-272 899 -373 0
932 390 231 0
-506 -737 19 0
611 759 846 0
342 -566 -783 0
113 -816 496 0
914 -569 919 0
240 137 -934 0
-930 -846 569 0
-368 -620 549 0
333 -243 448 0
-705 527 -837 0
288 -32 -925 0
-306 994 36 0
504 335 -601 0
-286 447 768 0
-781 -360 -336 0
52 951 -472 0
337 -880 -669 0
905 -599 -641 0
454 -932 235 0
-901 -988 761 0
-89 -275 144 0
366 -933 137 0
401 -436 -472 0
-1 73 -918 0
-768 206 630 0
-456 257 -580 0
-279 593 812 0
300 -497 -410 0
-940 -950 693 0
526 -202 33 0
-287 643 659 0
-430 8 -591 0
919 -408 378 0
-390 760 -451 0
-659 879 8 0
640 -334 264 0
-220 965 -856 0
-31 -264 704 0
-792 555 6 0
837 -80 -207 0
869 718 -849 0
527 500 208 0
-118 418 -615 0
847 159 726 0
649 -817 605 0
656 -457 290 0
-919 28 -254 0
126 410 869 0
-830 -201 -423 0
-835 389 855 0
-393 257 -572 0
594 -784 -71 0
-801 -253 840 0
-768 451 998 0
-493 100 167 0
-97 -755 -623 0
739 26 2 0
-992 -151 411 0
-861 -332 963 0
-635 518 352 0
-489 -911 608 0
-413 856 743 0
-835 -656 -995 0
-675 775 -446 0
24 620 897 0
190 -716 -651 0
164 -454 28 0
165 -798 531 0
-575 10 -862 0
-538 -644 732 0
-889 -485 -642 0
848 -249 849 0
591 435 856 0
-585 461 -631 0
382 -485 -250 0
-278 -674 -317 0
281 190 -123 0
308 -354 272 0
-838 281 52 0
-818 276 783 0
-58 112 776 0
-905 -360 624 0
847 147 -479 0
-432 607 461 0
165 -91 -710 0
-443 -117 379 0
75 658 853 0
-382 -11 124 0
572 -291 -404 0
-623 -460 31 0
757 869 143 0
532 126 854 0
-155 972 -1000 0
985 755 959 0
446 -920 401 0
507 -714 869 0
-885 -788 526 0
-737 521 -537 0
-860 -92 -179 0
615 66 -991 0
646 822 211 0
-788 -353 336 0
993 859 -308 0
-993 -844 414 0
-951 -289 -333 0
-351 147 398 0
-220 -32 537 0
97 120 -58 0
-633 332 501 0
-164 946 -567 0
506 -591 -388 0
716 -730 -93 0
-52 -723 -951 0
711 -67 146 0
124 369 786 0
809 71 933 0
-206 642 316 0
-743 739 435 0
152 723 -766 0
-652 -886 -712 0
570 743 -654 0
310 -459 736 0
-402 862 810 0
704 -572 -876 0
-850 47 596 0
987 -855 666 0
-919 413 308 0
-234 -155 -46 0
21 658 -768 0
-786 -309 -6 0
-849 -879 -748 0
-855 540 -558 0
-590 -941 -419 0
751 996 -342 0
-626 -845 741 0
573 184 -595 0
238 -102 -7 0
-545 -688 -513 0
942 -708 522 0
62 845 183 0
-67 46 -61 0
-166 -900 -600 0
76 -841 -892 0
846 -591 -887 0
540 -568 -84 0
280 -140 -267 0
226 729 720 0
585 626 -407 0
449 -567 -466 0
971 -628 663 0
153 -46 708 0
565 -564 959 0
516 991 -799 0
-407 -836 741 0
645 -375 660 0
-728 6 151 0
-346 -232 -879 0
-66 -816 -504 0
-824 616 -423 0
-642 -586 402 0
-304 -738 800 0
-11 654 715 0
-969 -169 705 0
-119 -927 -540 0
211 -572 -267 0
870 -651 624 0
-20 -349 -855 0
250 -766 -22 0
-754 941 -638 0
528 -582 575 0
-929 -237 665 0
80 -599 -318 0
794 -919 839 0
-498 389 -765 0
390 599 -688 0
8 -468 -691 0
631 839 391 0
838 89 -156 0
211 194 448 0
-848 721 382 0
775 1 -618 0
-439 81 569 0
108 -874 -487 0
-946 724 -876 0
63 -113 826 0
102 472 -294 0
-792 102 -132 0
534 -939 572 0
-689 -150 765 0
489 -349 -485 0
870 475 -486 0
-487 -913 918 0
407 373 143 0
-894 670 866 0
-121 732 330 0
-946 -834 801 0
591 -977 -903 0
75 -511 193 0
646 -551 694 0
-411 -39 395 0
247 260 869 0
84 99 134 0
-1 505 -506 0
-144 -398 -175 0
361 -870 259 0
691 168 -92 0
491 -758 420 0
745 -832 282 0
-938 830 185 0
-631 592 575 0
377 838 835 0
246 922 933 0
-379 274 437 0
236 -417 187 0
-410 -778 -56 0
20 -468 575 0
-111 310 -333 0
883 -55 -516 0
-164 344 697 0
-348 326 288 0
-923 703 126 0
-757 948 -47 0
41 -326 -320 0
-477 913 -89 0
-663 674 218 0
-71 694 37 0
-645 156 -346 0
-329 38 752 0
197 554 95 0
-893 -901 421 0
-181 -175 123 0
658 283 -70 0
56 -323 -747 0
-375 152 11 0
-815 166 684 0
-32 588 -377 0
420 585 -533 0
-766 -913 922 0
-517 461 475 0
964 -354 728 0
-384 -886 -902 0
858 -543 537 0
279 -598 -859 0
-25 -324 362 0
387 491 528 0
70 874 115 0
-447 294 699 0
331 411 964 0
-252 279 424 0
-727 242 129 0
-454 977 -14 0
-707 834 -908 0
-243 -112 -857 0
-454 -488 -533 0
-815 -874 -23 0
-342 -944 248 0
809 -742 -541 0
-507 424 -951 0
-470 -675 -230 0
246 -753 -471 0
-374 -558 800 0
740 617 -633 0
999 -859 97 0
-856 664 -584 0
740 831 810 0
114 -172 105 0
-361 332 -846 0
254 -839 621 0
-204 -660 -295 0
785 257 400 0
608 -631 309 0
407 -370 925 0
391 720 136 0
487 -575 -799 0
423 666 -629 0
-232 -779 -153 0
-336 492 836 0
-533 745 -674 0
505 300 -686 0
-799 85 -942 0
550 -692 924 0
859 450 645 0
-783 840 365 0
-918 -327 291 0
-69 -749 -957 0
49 -332 -87 0
553 -19 -578 0
389 903 674 0
414 -407 -974 0
-99 557 410 0
-393 -107 -101 0
-316 317 -550 0
313 -99 -389 0
-677 -369 67 0
-967 789 167 0
-275 -837 -498 0
714 742 868 0
643 130 -770 0
-317 543 528 0
642 994 -85 0
51 -386 -543 0
-151 -53 -859 0
-52 -365 309 0
-792 393 29 0
211 712 817 0
377 338 6 0
227 51 747 0
-94 -694 876 0
216 362 -418 0
-743 3 763 0
179 -53 500 0
73 -555 905 0
-931 958 621 0
592 -749 14 0
620 311 -725 0
-437 688 -62 0
-442 -914 465 0
540 359 -158 0
-415 -574 871 0
-184 669 873 0
-947 -847 277 0
798 -920 -831 0
702 -202 140 0
323 -793 240 0
-336 -413 551 0
-412 -201 -238 0
-825 994 503 0
-289 -533 -861 0
-798 299 787 0
-668 -482 -455 0
892 780 -653 0
168 -578 924 0
350 -279 478 0
489 -601 -270 0
729 -288 -34 0
279 51 586 0
868 -876 -579 0
370 -516 463 0
-230 666 761 0
368 685 595 0
-822 577 374 0
-827 -744 303 0
102 446 -582 0
579 934 -534 0
-849 -662 174 0
-234 292 -224 0
-820 159 451 0
-750 528 319 0
-213 110 -984 0
325 -477 -668 0
919 -651 596 0
-293 829 692 0
-595 930 137 0
-528 509 -70 0
414 709 84 0
-587 -942 375 0
162 -113 -534 0
-613 215 413 0
283 779 522 0
-266 -103 351 0
285 374 -1 0
881 18 181 0
-572 -612 110 0
-708 -492 -618 0
129 257 -326 0
212 -843 -620 0
-587 356 84 0
472 320 -298 0
884 602 -76 0
-406 219 -531 0
108 504 -904 0
-108 -384 -921 0
640 307 -884 0
-749 -14 727 0
719 494 983 0
396 -706 177 0
-15 644 -533 0
451 -115 204 0
100 350 806 0
528 107 24 0
-58 214 -527 0
-313 673 -262 0
585 312 -568 0
820 -61 -933 0
-547 131 779 0
881 526 -484 0
58 893 479 0
942 -343 945 0
145 -442 294 0
-950 -969 401 0
326 -378 614 0
-852 42 -287 0
466 -626 -598 0
385 -446 -10 0
670 344 -140 0
448 -224 -666 0
-931 633 910 0
761 574 -252 0
705 719 -45 0
998 -668 366 0
-398 -993 -743 0
364 -197 137 0
-650 -662 -762 0
-599 398 559 0
961 67 -902 0
-100 -514 -478 0
-117 -796 -110 0
-26 -556 -684 0
-629 -260 754 0
26 610 -421 0
-391 -7 -766 0
-485 722 314 0
-621 -371 327 0
-735 322 -724 0
645 282 -791 0
899 733 656 0
-376 -850 804 0
837 -227 -359 0
-520 -208 -971 0
-273 -233 -580 0
-46 -975 -938 0
163 -811 -660 0
-476 -784 382 0
154 870 -703 0
-877 -514 336 0
-19 -412 69 0
27 139 270 0
830 976 -496 0
-188 847 55 0
510 472 639 0
-89 869 965 0
-379 -31 -776 0
390 858 -911 0
-771 11 -780 0
826 239 645 0
-161 -258 409 0
581 -284 547 0
850 -113 -522 0
698 652 721 0
-752 -162 192 0
743 602 60 0
707 -980 442 0
834 721 299 0
-744 -492 -309 0
-875 669 -547 0
872 -829 156 0
280 -410 -439 0
-826 611 903 0
-700 308 -555 0
-420 412 68 0
963 154 -669 0
-22 -860 -1 0
-463 -694 -721 0
-761 -789 -564 0
-421 -16 -232 0
319 239 413 0
-475 -518 174 0
-265 695 784 0
520 -394 -92 0
-74 -165 -503 0
493 -127 -656 0
-161 500 867 0
-513 314 912 0
586 426 53 0
-149 -846 -68 0
-733 517 -306 0
497 -991 175 0
670 -607 -869 0
-453 -126 -615 0
896 551 131 0
-398 43 610 0
-405 556 109 0
624 -68 -423 0
535 5 -848 0
587 506 46 0
-654 -238 562 0
-311 86 904 0
837 -755 -510 0
58 559 -988 0
-672 -455 -538 0
154 -204 933 0
763 961 -488 0
-872 584 -907 0
646 -118 -912 0
-493 -705 -417 0
890 -710 -6 0
-451 -373 -91 0
-354 -209 -197 0
-216 -266 -755 0
555 -289 561 0
444 -443 -765 0
-376 -205 77 0
-215 428 -660 0
474 -73 129 0
-385 918 -833 0
-153 807 -895 0
-510 -258 619 0
-952 -963 179 0
500 -530 797 0
-254 436 -85 0
167 -880 -879 0
283 -607 -436 0
359 174 -863 0
-18 647 -288 0
498 383 -205 0
683 887 363 0
-577 -396 972 0
547 -699 287 0
-725 -198 -816 0
-521 -803 -252 0
-958 321 -483 0
-188 603 441 0
975 -961 614 0
190 -330 260 0
-477 -828 -642 0
-33 -510 -528 0
-395 438 -275 0
719 -984 325 0
5 60 -522 0
-820 -581 -677 0
-423 -890 -997 0
257 429 952 0
698 404 -912 0
311 593 -594 0
-571 421 773 0
-564 -453 634 0
444 -199 -71 0
-718 -917 406 0
395 -921 465 0
268 -93 397 0
-944 -867 638 0
-293 -124 -67 0
596 173 -470 0
859 -483 414 0
-452 405 -834 0
576 321 638 0
209 764 188 0
-279 833 -105 0
36 -227 -377 0
-501 -495 -821 0
249 790 40 0
887 434 515 0
305 29 687 0
126 888 -169 0
539 691 926 0
724 267 246 0
361 475 -9 0
548 106 193 0
4 141 -420 0
733 993 266 0
-553 242 -55 0
944 -128 -489 0
458 -432 869 0
144 -557 -756 0
665 447 590 0
170 -713 -835 0
530 539 195 0
-77 644 387 0
433 -785 -806 0
165 -777 423 0
-717 -18 -478 0
-661 -497 -318 0
470 280 -186 0
-614 -836 -294 0
-278 -282 92 0
-867 -451 -804 0
53 332 -342 0
-247 -409 338 0
-633 193 -122 0
-791 357 -250 0
-213 425 -620 0
-42 -85 468 0
711 907 748 0
249 -520 -583 0
-542 149 -217 0
-633 367 -19 0
-788 -419 -351 0
-481 17 -111 0
-818 1 -303 0
-291 -791 -659 0
893 -356 -83 0
-512 749 -520 0
331 460 778 0
78 -708 -297 0
13 -601 797 0
-229 -585 163 0
-599 724 -581 0
301 -204 949 0
763 374 949 0
-65 16 -740 0
-75 908 447 0
510 771 195 0
381 102 -654 0
158 179 -713 0
806 -191 665 0
602 -771 -249 0
764 722 -972 0
696 22 -528 0
644 785 253 0
592 201 268 0
683 -276 176 0
-129 137 946 0
676 -517 -47 0
-329 26 -226 0
-394 831 -768 0
-58 432 891 0
-659 -195 612 0
-982 242 -633 0
861 -885 769 0
113 828 970 0
-381 511 597 0
908 -639 733 0
-853 666 601 0
252 347 626 0
-477 -740 456 0
-596 -149 -887 0
-486 159 -433 0
449 -141 -674 0
-82 353 910 0
-850 -466 737 0
171 198 -247 0
-767 105 -238 0
-499 -957 -903 0
451 -208 -249 0
76 -36 340 0
-531 984 -489 0
769 821 999 0
-201 270 -139 0
-226 -351 -492 0
-135 -552 -309 0
224 75 -506 0
-470 -841 962 0
59 -692 -918 0
314 -142 -478 0
-562 -218 -865 0
254 -100 -848 0
94 221 -669 0
92 773 -938 0
583 -999 -640 0
426 485 543 0
-734 -708 617 0
-591 530 -458 0
-552 -588 -501 0
821 -901 994 0
650 -815 563 0
-515 420 -663 0
-714 513 235 0
734 -604 7 0
23 538 -5 0
14 -963 842 0
557 -48 -549 0
-173 990 430 0
-982 -541 -18 0
834 714 -270 0
-828 363 436 0
-390 -877 -855 0
-404 943 719 0
-638 -676 675 0
-645 51 212 0
1 64 527 0
-842 -620 -574 0
743 -145 -564 0
-172 478 456 0
541 -312 -169 0
163 491 -532 0
-598 232 -760 0
805 -636 54 0
523 -625 -730 0
197 621 132 0
-409 -622 195 0
-935 815 167 0
-860 -557 -311 0
775 81 -788 0
-231 -621 -451 0
751 -783 293 0
-282 733 525 0
-394 -537 512 0
-447 411 -136 0
-528 608 109 0
-659 368 82 0
206 654 -896 0
372 -513 -805 0
-682 640 -885 0
-821 -870 -857 0
-624 -620 -992 0
-916 -254 76 0
792 999 -612 0
-303 -445 -22 0
-791 -325 981 0
-899 335 -348 0
332 -540 -1 0
-227 -911 -866 0
383 -944 -505 0
619 117 726 0
-476 -740 697 0
819 -7 -950 0
-894 -799 -948 0
857 -453 -745 0
230 595 421 0
211 845 -755 0
910 176 647 0
-911 -403 -557 0
-128 137 -853 0
984 756 -969 0
-709 583 -60 0
-405 -401 418 0
707 646 568 0
6 -502 -21 0
102 -731 967 0
522 293 812 0
-277 -203 987 0
275 465 741 0
183 944 -878 0
-35 927 985 0
355 -635 567 0
766 -391 319 0
-184 -97 -964 0
-751 455 817 0
-123 556 899 0
-90 -78 -192 0
-901 706 746 0
239 -980 -210 0
-980 -162 -153 0
209 549 -79 0
193 -903 -65 0
-759 -669 807 0
-77 204 256 0
392 306 710 0
-208 781 -265 0
-106 -870 694 0
-649 -122 -399 0
-394 712 730 0
955 43 -892 0
-107 -251 792 0
-537 -443 -694 0
-953 -553 -714 0
112 -981 269 0
367 724 575 0
-76 -931 355 0
692 -389 576 0
386 389 49 0
-784 -783 760 0
866 89 -803 0
-757 548 405 0
-548 436 200 0
-593 -389 -752 0
659 852 -85 0
927 218 -808 0
-501 645 -91 0
207 -336 -831 0
-782 73 -219 0
-830 -857 -353 0
942 -722 794 0
-744 -830 341 0
500 -729 -776 0
699 673 516 0
803 -331 -367 0
-887 610 -584 0
-46 -110 580 0
488 669 -916 0
-318 -450 -988 0
-889 -632 -196 0
-593 925 -269 0
-386 20 -450 0
78 519 530 0
-854 218 -203 0
721 20 885 0
-88 258 -494 0
-23 -303 956 0
-603 143 -624 0
-870 -460 -425 0
209 -700 408 0
757 645 -332 0
-25 382 -351 0
-827 460 -870 0
-356 665 439 0
-910 385 458 0
-795 -472 -715 0
640 847 369 0
-595 801 511 0
-570 -670 323 0
347 230 -22 0
-754 -986 18 0
438 363 -400 0
-788 541 -859 0
9 -896 -523 0
-447 -158 259 0
-904 304 -731 0
970 -943 929 0
-339 -890 729 0
-849 811 750 0
-171 -157 979 0
-545 263 -965 0
914 700 679 0
-313 -487 219 0
-523 848 466 0
-397 -294 -623 0
-656 -550 278 0
-738 871 573 0
-666 -209 814 0
746 -410 -624 0
495 -932 133 0
-473 -828 395 0
789 -742 94 0
-467 -406 932 0
37 281 779 0
-503 29 -73 0
-477 -684 -974 0
107 773 -844 0
679 790 -405 0
492 535 -166 0
467 29 449 0
599 -502 -277 0
993 642 -370 0
-86 461 -127 0
-18 -497 -407 0
-796 351 -436 0
-220 180 -471 0
-545 286 596 0
-741 -964 385 0
497 807 920 0
-662 273 -948 0
462 872 -801 0
90 -864 795 0
811 302 255 0
-938 -319 103 0
696 -466 -454 0
483 -38 -633 0
306 934 -918 0
901 -674 -233 0
-285 522 -39 0
-204 535 -311 0
-504 997 534 0
656 86 -398 0
-450 -897 -699 0
56 186 369 0
159 881 186 0
-612 -364 -223 0
596 -669 -157 0
865 921 -182 0
-97 -205 -704 0
-487 -761 -238 0
149 -616 -234 0
683 623 672 0
-80 -73 -568 0
-130 -128 -753 0
850 -286 985 0
35 249 700 0
-258 -844 720 0
-766 60 -640 0
299 -156 197 0
-2 -994 309 0
592 -143 -924 0
177 -546 -848 0
608 970 -767 0
-737 -98 -871 0
-586 -735 208 0
972 336 907 0
-229 -179 -627 0
-346 -239 618 0
-645 -746 814 0
-998 92 122 0
941 586 397 0
-118 762 -943 0
317 -369 264 0
436 457 -361 0
-306 394 -448 0
-513 365 -783 0
772 946 313 0
-398 -291 903 0
-15 -287 1 0
181 -637 -92 0
-302 -577 -677 0
-699 -46 790 0
993 715 -158 0
-256 150 966 0
969 807 359 0
768 -320 -723 0
-550 443 -668 0
214 -840 -311 0
117 -206 -949 0
-117 -386 937 0
560 40 866 0
588 90 -911 0
377 82 977 0
886 -337 126 0
851 657 933 0
-209 424 604 0
283 325 46 0
303 539 237 0
965 -655 -442 0
-913 123 -180 0
202 682 -219 0
-67 -269 -308 0
-329 -645 741 0
-306 882 429 0
783 732 -86 0
715 292 861 0
-318 574 186 0
-363 -876 -724 0
951 -840 730 0
745 -105 852 0
-924 658 -533 0
-494 -724 153 0
153 -404 149 0
-893 -61 30 0
673 -844 -761 0
-758 -558 -52 0
971 -228 977 0
156 942 -853 0
-879 -893 44 0
960 -637 500 0
811 912 157 0
695 -405 232 0
-847 909 -636 0
-995 153 48 0
376 825 -891 0
-136 935 -801 0
539 905 380 0
515 -60 -321 0
719 -290 565 0
763 -249 -201 0
-262 411 464 0
-419 -105 220 0
-650 303 128 0
-637 -297 280 0
-685 24 -105 0
-927 -159 -39 0
-79 49 295 0
-458 -563 706 0
-131 -282 -995 0
-695 396 -595 0
-248 -657 -5 0
63 427 -461 0
283 429 -763 0
410 -65 -411 0
-690 -101 -434 0
146 -380 -944 0
536 810 -992 0
830 -268 906 0
535 750 -187 0
881 796 -582 0
-475 395 591 0
-831 458 -17 0
643 740 -445 0
-405 -149 -862 0
-167 190 314 0
952 -335 -693 0
-895 -870 -503 0
-238 51 -122 0
-143 585 223 0
682 465 -18 0
615 291 -413 0
-205 -121 222 0
574 115 -961 0
-18 -519 461 0
-231 37 -651 0
-545 -988 337 0
-589 -234 559 0
-443 823 609 0
916 -966 -194 0
-138 999 10 0
508 -613 301 0
272 170 773 0
493 743 888 0
805 112 758 0
265 -343 -795 0
267 -239 -134 0
-604 179 720 0
-162 -622 542 0
122 889 859 0
667 379 857 0
677 -886 -470 0
-977 -157 991 0
101 1 733 0
-988 805 -844 0
-746 -69 -538 0
-892 -336 128 0
377 291 -307 0
96 804 -280 0
-638 -925 520 0
-496 944 898 0
705 620 -783 0
-174 948 -291 0
516 -48 -291 0
-248 388 447 0
443 -133 -516 0
-981 -376 -203 0
460 -752 845 0
118 200 -648 0
-397 -837 -924 0
-917 -684 -867 0
166 -388 838 0
301 -913 785 0
-591 -428 -833 0
-234 27 572 0
-680 470 -704 0
-547 802 -431 0
-101 -261 534 0
-945 -379 -733 0
-944 127 921 0
220 395 -605 0
-86 -561 344 0
-924 -861 -257 0
60 803 -36 0
244 -36 -63 0
815 -68 884 0
870 -966 685 0
-300 419 297 0
-834 -363 -675 0
-918 -659 154 0
-839 -878 548 0
-795 315 -108 0
490 590 -320 0
98 650 -123 0
-134 893 -510 0
548 -708 -929 0
-431 -577 247 0
-115 229 -665 0
763 414 -379 0
-438 -331 389 0
-591 -521 -266 0
490 667 -581 0
950 157 522 0
-269 254 171 0
-743 739 -64 0
-605 286 123 0
885 -716 -699 0
-131 -182 279 0
147 -945 -692 0
-526 -734 375 0
266 676 247 0
-532 -165 914 0
-464 -114 -70 0
-985 735 675 0
508 -477 414 0
-571 433 -699 0
-693 -318 767 0
-743 800 300 0
-22 -947 596 0
65 -824 681 0
-439 -89 356 0
-686 -972 873 0
951 787 -986 0
-20 124 -720 0
-694 631 -549 0
459 -201 333 0
-158 -245 -650 0
276 339 802 0
575 712 -748 0
-171 -777 923 0
-851 -567 363 0
559 604 -335 0
431 -554 473 0
768 925 596 0
840 971 226 0
-388 429 -426 0
-720 938 -22 0
-722 213 -361 0
-523 -788 424 0
622 310 -200 0
-544 512 119 0
258 -70 -722 0
-592 852 628 0
-65 620 -552 0
12 459 -522 0
238 198 303 0
15 269 240 0
-37 -990 -453 0
-749 -864 592 0
524 837 -901 0
-724 732 -412 0
194 990 -834 0
267 933 -685 0
-894 349 656 0
798 361 -114 0
671 598 663 0
-973 -612 932 0
565 -1000 273 0
-17 100 -137 0
-608 624 -973 0
860 699 -705 0
623 -892 46 0
-456 510 978 0
-493 -404 327 0
500 -201 687 0
-614 -871 -284 0
-276 -196 -247 0
559 -760 599 0
-832 128 -698 0
320 -735 673 0
644 -594 371 0
700 -216 614 0
-745 -24 124 0
-723 868 -527 0
401 367 -79 0
-87 332 301 0
-722 960 848 0
320 -518 -607 0
918 701 -734 0
968 -20 820 0
640 16 765 0
-11 -715 333 0
-624 812 -356 0
99 886 575 0
-625 286 -941 0
55 724 625 0
-356 -445 584 0
-203 -764 -101 0
162 34 154 0
247 1 -173 0
67 -640 -188 0
-831 2 255 0
-163 -626 -66 0
-870 -724 -951 0
796 -701 -236 0
89 -755 -959 0
713 -462 -755 0
-296 -17 870 0
748 -178 -903 0
-901 -424 255 0
426 842 -895 0
965 25 -896 0
-219 539 -873 0
636 -409 949 0
-586 556 1 0
-173 -644 -755 0
-483 -356 -569 0
589 3 937 0
-459 -751 466 0
713 3 241 0
-968 -428 83 0
214 -393 107 0
461 -963 645 0
-334 -599 405 0
634 -536 -961 0
634 61 956 0
740 -543 664 0
-308 -132 666 0
596 942 768 0
61 -654 771 0
302 -973 550 0
384 -186 294 0
-490 999 -257 0
486 684 -207 0
-891 317 94 0
203 -950 154 0
-158 -689 49 0
-821 -349 532 0
839 -944 -473 0
606 -5 478 0
-376 -306 803 0
-926 41 340 0
-219 882 338 0
-827 367 21 0
385 609 -337 0
479 -811 638 0
-632 321 -327 0
32 493 -27 0
563 331 322 0
-35 -937 -326 0
865 664 -983 0
667 941 -23 0
6 -160 256 0
-344 338 -623 0
-364 -723 -231 0
-53 553 394 0
-690 -184 -714 0
-368 568 -206 0
746 130 889 0
68 517 -825 0
745 -381 -488 0
-728 399 -429 0
-102 404 -940 0
-358 99 629 0
332 815 -351 0
914 -867 -903 0
307 908 -439 0
372 -276 -6 0
-578 373 487 0
-466 440 3 0
-642 185 735 0
481 264 133 0
261 -365 -537 0
552 74 -635 0
181 -405 -449 0
883 -319 667 0
138 977 -575 0
928 349 -202 0
285 278 -574 0
771 95 366 0
-774 -736 550 0
-508 568 -813 0
-641 -829 529 0
529 -380 -603 0
515 912 -359 0
-964 -795 29 0
982 -932 -6 0
-556 211 706 0
-109 495 -983 0
35 265 -77 0
400 390 -164 0
-949 -898 83 0
113 -890 263 0
-641 -418 995 0
595 -932 906 0
306 -247 -700 0
334 -229 -983 0
691 -136 545 0
396 597 39 0
730 -631 -304 0
-806 -30 -693 0
-321 -330 942 0
756 794 -831 0
18 786 -600 0
12 381 -884 0
-918 686 482 0
-969 -19 62 0
304 62 -198 0
-848 -457 146 0
-887 -187 -776 0
542 -344 -157 0
-234 -17 -838 0
528 -772 -631 0
710 141 -416 0
-310 -153 148 0
-545 422 -833 0
-26 -390 -204 0
440 45 -265 0
989 -893 -73 0
134 -131 611 0
261 -672 307 0
-417 -257 -323 0
606 -784 446 0
588 846 -586 0
355 507 90 0
503 -51 511 0
687 428 253 0
242 867 -297 0
858 -855 541 0
-931 -988 -671 0
893 -248 -694 0
199 -16 303 0
-521 973 438 0
318 560 -283 0
-904 -915 -789 0
-993 -417 191 0
856 455 619 0
108 697 -485 0
-404 -554 -692 0
297 836 31 0
319 729 631 0
-13 -927 998 0
667 800 971 0
-104 117 -530 0
739 372 796 0
-527 -365 564 0
-718 572 -19 0
688 -679 -715 0
524 -434 -620 0
-215 -730 -456 0
598 401 536 0
-228 765 814 0
-225 431 613 0
547 886 -730 0
-77 624 -101 0
-872 503 -817 0
788 572 740 0
-806 -259 -418 0
-872 -782 204 0
843 -349 285 0
650 298 685 0
-185 -525 449 0
-999 -101 -879 0
-611 -648 117 0
-692 76 740 0
-145 299 -242 0
313 86 -813 0
53 243 423 0
822 -114 557 0
25 309 257 0
-310 958 554 0
-994 495 -78 0
795 -493 530 0
25 -455 529 0
141 499 604 0
-881 -643 -903 0
-474 307 -988 0
639 -359 583 0
-61 -181 48 0
969 557 356 0
225 -866 -314 0
778 -212 -808 0
207 358 652 0
-737 382 458 0
-265 -523 -956 0
221 -755 -950 0
-123 580 -257 0
-462 -218 -967 0
-44 -631 499 0
-92 -599 -56 0
799 -824 273 0
-112 -601 -484 0
-271 160 -841 0
274 248 575 0
732 864 449 0
-687 84 555 0
989 -206 134 0
597 -20 704 0
915 -415 -334 0
-414 -858 284 0
821 -657 -107 0
93 120 -60 0
929 743 571 0
121 16 818 0
695 747 681 0
-143 786 765 0
-697 -774 322 0
183 722 693 0
886 636 -108 0
-219 -49 317 0
854 -869 -973 0
-961 314 445 0
-372 242 187 0
-942 362 202 0
-759 -57 -949 0
791 -551 -734 0
-555 600 -859 0
-877 782 -580 0
-569 667 -215 0
-28 237 -616 0
-345 90 836 0
-669 402 -149 0
-113 -773 -390 0
651 -66 104 0
853 176 512 0
153 -967 -62 0
-886 873 -661 0
-96 101 794 0
27 22 -460 0
593 -49 48 0
-208 745 138 0
396 -414 -539 0
-544 -878 -664 0
-286 -529 81 0
741 733 -257 0
252 885 575 0
665 122 -447 0
678 569 -548 0
471 595 -569 0
283 187 -969 0
330 747 66 0
-467 142 -479 0
358 -685 -708 0
-21 -322 -588 0
-101 -62 -320 0
-709 -313 556 0
-283 330 -677 0
82 7 -245 0
-629 -477 191 0
-549 -759 378 0
869 -89 124 0
-934 -907 -265 0
-764 -264 -301 0
824 -636 975 0
-411 -89 -36 0
-83 149 -701 0
990 784 -30 0
19 865 388 0
615 845 -864 0
806 745 975 0
-183 -613 415 0
658 899 -321 0
-922 -662 -937 0
574 -485 -924 0
-548 -248 364 0
936 -682 -513 0
988 -671 -296 0
-17 41 512 0
756 656 -356 0
-619 -461 452 0
-593 995 -64 0
359 -652 314 0
-680 -925 -976 0
-968 850 -812 0
243 -398 -411 0
-607 -333 444 0
-471 672 467 0
-118 40 -507 0
-629 795 -162 0
-336 -413 -974 0
-787 -358 320 0
-202 -716 -971 0
-516 -747 247 0
-843 66 97 0
-6 -309 846 0
769 267 530 0
-212 -737 201 0
30 -206 240 0
-537 -186 34 0
-50 873 -446 0
376 11 155 0
695 564 223 0
18 431 321 0
264 -273 387 0
-360 631 47 0
557 -399 -313 0
86 962 -401 0
286 992 958 0
525 -528 -143 0
558 -929 367 0
356 -304 377 0
-510 -999 -940 0
-732 -16 -371 0
-53 631 -995 0
791 343 977 0
837 899 -375 0
501 985 -337 0
-901 270 680 0
-858 795 559 0
352 -487 718 0
-707 143 -94 0
569 493 -385 0
652 860 107 0
-704 -490 -102 0
846 -832 -78 0
-682 83 -805 0
-182 67 -493 0
434 -336 -172 0
643 482 -730 0
994 -834 -568 0
-711 -892 62 0
-156 -460 554 0
893 464 -413 0
-999 519 255 0
-452 365 -86 0
-882 -46 -168 0
38 -580 586 0
-530 -13 -922 0
-53 8 755 0
-134 1 940 0
53 64 -832 0
115 571 -643 0
-668 463 -106 0
433 814 -625 0
687 -265 341 0
-772 -498 738 0
-292 -535 -317 0
229 -416 -682 0
502 820 -689 0
257 -953 41 0
196 358 104 0
379 472 -675 0
374 -139 489 0
831 923 302 0
-455 609 919 0
147 733 -416 0
885 -24 -303 0
553 -252 70 0
-234 106 -890 0
-274 362 -194 0
-315 -557 -551 0
770 288 374 0
-444 661 865 0
285 491 787 0
586 298 -396 0
-504 444 -128 0
272 -328 -503 0
926 -881 -106 0
-995 -466 -211 0
236 92 -572 0
782 758 -481 0
684 527 -768 0
-58 323 -428 0
-922 607 270 0
60 -192 567 0
807 48 -11 0
-934 -319 690 0
788 -244 922 0
246 590 -388 0
-456 -826 831 0
-380 959 588 0
212 642 -114 0
-979 -699 788 0
-758 -972 -394 0
-27 384 938 0
-594 190 -985 0
-956 476 655 0
-645 263 250 0
919 508 -839 0
-306 316 -16 0
488 -695 -974 0
75 -906 968 0
540 -236 18 0
328 345 342 0
-721 -371 725 0
10 -316 -914 0
-994 623 -389 0
1000 -268 4 0
249 538 -511 0
440 -843 -826 0
-455 -330 -872 0
781 756 129 0
748 295 716 0
-765 -622 60 0
-106 695 -431 0
182 -704 98 0
-96 -50 -721 0
-836 -49 -340 0
191 650 -877 0
-702 89 71 0
-879 -543 752 0
-103 675 -507 0
583 -422 -801 0
299 539 775 0
358 -644 -469 0
140 178 -524 0
-238 -273 925 0
310 -460 326 0
-649 -651 975 0
877 -704 -63 0
-947 -934 957 0
50 388 632 0
-556 971 405 0
-708 269 943 0
-482 -626 939 0
-302 118 116 0
178 707 740 0
-102 16 -199 0
-427 16 -201 0
-401 -892 256 0
815 -190 542 0
-772 -239 929 0
755 -146 -899 0
159 205 519 0
-102 39 -145 0
-40 692 614 0
-155 -869 320 0
-894 323 -335 0
-444 -749 -350 0
997 -502 -593 0
-252 668 -134 0
-793 -439 -724 0
74 545 221 0
-972 -704 -425 0
-491 157 -463 0
-987 -196 507 0
-600 -702 -375 0
271 -947 -697 0
-605 742 798 0
-306 -738 -299 0
250 -342 318 0
-383 486 109 0
458 -559 653 0
-678 -883 -356 0
454 -725 -512 0
269 -63 -59 0
775 -14 112 0
-149 -284 410 0
198 240 152 0
-995 -545 241 0
-645 146 -582 0
-962 880 420 0
-70 -337 -978 0
75 -366 -212 0
-430 -819 288 0
-294 -87 -350 0
-704 213 715 0
168 -362 350 0
577 911 589 0
-728 -905 485 0
-969 901 -630 0
-902 214 861 0
-321 -284 -197 0
-651 -358 -914 0
214 -139 85 0
-502 -784 523 0
203 840 -736 0
-918 7 449 0
-267 583 -359 0
208 663 615 0
-692 -631 -515 0
674 884 -728 0
-534 557 -363 0
-83 -207 -72 0
348 772 -563 0
432 -273 698 0
-955 828 537 0
42 97 -543 0
-490 -363 478 0
200 922 140 0
-814 -614 122 0
680 639 5 0
759 -172 -561 0
474 606 -119 0
897 -954 -891 0
-459 -385 -515 0
-157 -691 694 0
45 -732 790 0
-588 -573 505 0
-65 -772 426 0
-204 -937 391 0
677 968 29 0
681 727 553 0
594 -200 -158 0
-712 -96 463 0
-954 -907 200 0
-821 415 242 0
-514 -459 326 0
656 398 -898 0
160 814 -22 0
-585 369 310 0
-976 45 278 0
356 -726 -4 0
-908 -319 555 0
418 -382 2 0
-880 -688 260 0
431 860 674 0
673 -373 485 0
998 -28 -882 0
-895 539 -696 0
268 -124 416 0
-578 -451 461 0
-855 158 538 0
210 -66 208 0
-764 835 -589 0
117 66 628 0
377 497 -487 0
-50 169 -212 0
-534 -166 -591 0
768 412 -130 0
815 -680 -605 0
230 609 407 0
-690 815 -564 0
-227 24 981 0
786 139 -815 0
727 -255 -881 0
354 -631 -377 0
193 -33 897 0
-404 918 -62 0
346 -685 825 0
827 -499 856 0
-431 81 -464 0
189 -770 -278 0
-753 -349 653 0
-733 -134 791 0
-900 -860 398 0
132 566 -28 0
860 758 412 0
-756 513 -330 0
-169 858 366 0
345 685 217 0
201 467 297 0
16 656 418 0
-294 -408 118 0
-946 -492 -252 0
89 743 -463 0
486 -874 380 0
865 85 -137 0
-277 192 -649 0
958 -360 859 0
-323 -705 -543 0
891 257 -9 0
187 272 16 0
-605 917 -423 0
-722 215 -267 0
325 303 361 0
140 -788 587 0
519 4 671 0
-656 -280 863 0
-656 589 574 0
-514 264 630 0
-408 154 -886 0
769 341 -158 0
784 297 426 0
559 -18 640 0
-825 695 -942 0
537 834 -81 0
123 -352 -85 0
-794 -359 -716 0
8 367 -305 0
581 232 -568 0
-211 -640 -721 0
448 -408 413 0
957 543 709 0
383 101 79 0
22 277 773 0
-964 -814 -606 0
396 -936 309 0
832 -81 -668 0
-548 -88 386 0
-204 21 617 0
-123 583 -256 0
-195 30 -15 0
960 987 -558 0
668 -369 10 0
-746 742 -287 0
-518 57 452 0
-475 -453 739 0
-784 -284 172 0
-803 -183 611 0
-188 738 631 0
-804 -860 213 0
-412 -407 -243 0
778 -366 581 0
687 385 -949 0
697 -131 -690 0
335 -1000 -747 0
-786 827 551 0
876 962 186 0
47 -764 -369 0
658 -303 458 0
-288 -458 670 0
-501 221 -76 0
-95 -999 793 0
-675 -685 -177 0
975 -381 659 0
16 67 -659 0
114 -852 -485 0
-664 -728 -446 0
-850 -774 -561 0
-570 783 215 0
379 -71 24 0
48 -923 245 0
475 369 -243 0
-267 395 279 0
796 369 12 0
454 -384 78 0
-112 -498 282 0
-948 513 -9 0
-745 714 -134 0
657 635 269 0
-871 14 -339 0
-895 61 -613 0
491 536 333 0
-733 154 727 0
363 949 -95 0
-374 403 830 0
804 866 679 0
85 166 -192 0
445 -910 -905 0
930 919 892 0
-198 141 905 0
-888 -35 -965 0
852 877 184 0
961 6 -910 0
-324 954 356 0
49 -356 186 0
-852 -222 -864 0
288 -387 407 0
-732 -648 664 0
-662 918 555 0
211 59 -459 0
-99 445 775 0
302 322 627 0
-486 -282 632 0
747 957 -585 0
103 6 293 0
-288 209 -514 0
503 497 -252 0
-910 -228 -251 0
-573 -241 521 0
479 804 579 0
-937 254 -23 0
63 -555 696 0
689 392 -978 0
-320 139 -934 0
-257 -241 291 0
-549 -880 500 0
-414 734 -996 0
-17 -643 575 0
-619 -567 168 0
-139 -45 -971 0
69 -333 -224 0
-92 -396 130 0
-787 436 -522 0
-116 108 12 0
402 -364 -252 0
-692 264 -483 0
-191 29 -216 0
-538 397 -211 0
-113 -15 129 0
632 506 526 0
-602 574 -858 0
177 17 605 0
-306 156 -41 0
179 -271 -148 0
-190 24 863 0
793 -716 -126 0
627 -258 506 0
-843 148 902 0
-405 612 -916 0
-533 243 -421 0
410 -844 347 0
-268 372 363 0
224 29 518 0
-264 -208 141 0
763 749 164 0
-625 -542 -879 0
102 -168 -489 0
607 -362 -636 0
508 118 599 0
776 3 841 0
548 412 36 0
894 31 -407 0
-257 255 787 0
126 870 -994 0
266 633 95 0
430 609 -636 0
660 711 -155 0
500 -317 869 0
-135 177 -986 0
-733 952 340 0
925 499 -752 0
-960 -393 -782 0
718 1 -36 0
505 126 -906 0
850 -392 890 0
944 173 -498 0
931 832 560 0
-86 332 -877 0
306 818 405 0
643 903 356 0
983 -827 -854 0
-734 139 -598 0
867 -856 -598 0
255 -360 76 0
512 562 819 0
-401 -505 991 0
250 -436 -822 0
810 873 -153 0
38 -178 323 0
442 -820 -225 0
-797 -802 403 0
2 887 541 0
-600 -754 749 0
-549 -8 460 0
976 871 21 0
794 -271 -526 0
784 872 313 0
-606 681 -185 0
-110 718 714 0
784 -159 -533 0
-8 307 -687 0
763 -309 925 0
-303 -260 -678 0
-51 160 -37 0
-511 -136 259 0
-531 281 -529 0
-408 65 -401 0
72 22 433 0
-256 483 -151 0
321 267 661 0
206 626 968 0
-892 388 628 0
-816 43 -887 0
-846 -93 398 0
-234 955 -533 0
-493 838 -814 0
-373 -245 230 0
-125 669 -251 0
-558 276 -733 0
-60 597 351 0
-720 802 -977 0
39 45 716 0
666 -860 758 0
-552 57 -851 0
-950 643 -805 0
-834 -135 994 0
-999 859 591 0
580 -984 259 0
-830 -893 534 0
-915 304 -130 0
-265 -23 -931 0
-593 -62 -975 0
-309 79 -187 0
-66 -631 595 0
268 -932 237 0
425 -117 -371 0
-418 468 582 0
-8 47 -565 0
618 229 809 0
152 -143 112 0
633 -759 486 0
-564 704 899 0
-890 -12 978 0
-428 429 960 0
-23 -697 243 0
611 473 -359 0
334 -890 178 0
915 250 225 0
831 -867 -453 0
-639 -18 947 0
-750 3 -705 0
587 918 760 0
-486 -807 -771 0
-463 -587 552 0
774 -961 600 0
16 -571 72 0
-374 256 -961 0
904 170 562 0
-128 -1000 -429 0
932 990 -798 0
878 91 -800 0
934 678 -717 0
694 -163 -876 0
816 -977 -814 0
367 -750 126 0
-966 -765 48 0
-37 -490 304 0
-350 745 -473 0
-911 -872 825 0
-691 -803 -814 0
-841 32 -905 0
992 966 934 0
61 -659 -96 0
288 -474 -424 0
-101 193 525 0
-226 -158 641 0
625 -547 482 0
928 248 227 0
753 510 -98 0
-577 -201 -253 0
742 393 -284 0
-646 -384 601 0
-579 -444 -259 0
-26 -731 -85 0
801 183 629 0
-325 760 -786 0
317 385 -684 0
-799 -312 -931 0
377 416 -441 0
826 -992 -993 0
-78 86 -385 0
-714 83 -120 0
-314 14 916 0
-925 391 998 0
361 -192 -181 0
989 868 292 0
126 -185 676 0
-810 335 340 0
-92 -711 755 0
884 -536 99 0
228 966 -184 0
-612 -679 -266 0
-84 -344 631 0
351 620 22 0
348 -980 -213 0
880 -968 432 0
172 446 968 0
-847 -255 -302 0
538 -698 364 0
-293 -582 -900 0
-391 -809 217 0
-926 -773 247 0
-543 -208 -590 0
-174 -558 -210 0
547 257 -541 0
-759 137 861 0
542 -308 -306 0
510 -506 -912 0
163 -44 961 0
527 -688 894 0
778 -430 -703 0
994 707 -827 0
240 -249 386 0
181 774 295 0
742 320 551 0
-283 430 -687 0
-143 -972 346 0
-800 833 204 0
63 995 599 0
23 -521 -286 0
917 -298 67 0
971 643 -773 0
-797 882 373 0
534 63 -147 0
828 804 818 0
-378 438 248 0
417 -580 571 0
762 -731 403 0
-965 -793 -397 0
-563 -816 270 0
-200 -732 -567 0
618 -702 -210 0
-390 -850 443 0
-763 735 -505 0
-261 -562 661 0
-78 291 98 0
677 707 30 0
247 -469 -760 0
649 785 905 0
-46 700 72 0
667 251 -803 0
-233 869 -856 0
-794 610 -57 0
589 724 -791 0
-93 -984 -704 0
105 414 -994 0
203 90 53 0
-232 337 -521 0
-343 -985 657 0
-247 -382 -356 0
-318 -48 959 0
-472 -633 -827 0
679 778 -436 0
87 -366 -160 0
-877 811 495 0
-932 -915 -908 0
278 469 -998 0
-330 -700 686 0
-202 395 -670 0
210 993 404 0
-566 663 -451 0
876 -134 435 0
-702 165 -213 0
-489 251 930 0
1000 480 -740 0
-495 -411 7 0
-754 40 -475 0
103 -369 527 0
-788 922 -921 0
810 -132 -913 0
-213 -49 927 0
-15 -924 -61 0
802 -977 577 0
366 817 827 0
295 -817 -306 0
387 -663 69 0
-393 768 -108 0
219 -871 829 0
-745 10 -750 0
17 -819 233 0
282 383 633 0
-208 750 -556 0
620 551 884 0
-196 -916 701 0
375 562 -517 0
-680 948 -531 0
-748 692 -298 0
-208 911 520 0
388 -655 530 0
-137 24 -348 0
722 -305 83 0
354 864 -832 0
262 -484 -382 0
145 31 -649 0
-845 405 -210 0
-713 437 -158 0
595 536 -849 0
-893 -743 111 0
764 -130 118 0
293 -619 -141 0
993 692 797 0
-75 -45 -660 0
258 -306 495 0
991 803 -526 0
-639 -647 282 0
200 -712 718 0
709 -306 254 0
-558 -550 348 0
20 -314 -478 0
137 -606 448 0
629 950 139 0
425 -24 -183 0
437 -281 -841 0
-931 -271 -643 0
-808 261 641 0
-90 461 704 0
159 -169 -10 0
-412 -78 911 0
-760 -98 576 0
-589 586 534 0
-36 215 483 0
526 -639 -507 0
60 -75 -139 0
-900 -358 762 0
894 517 -22 0
-535 958 834 0
-238 117 -3 0
-599 880 432 0
862 991 881 0
437 -579 467 0
970 -966 -681 0
453 -491 671 0
311 -551 98 0
-449 -802 -455 0
562 -696 323 0
936 -582 281 0
769 -171 397 0
123 122 -276 0
-555 983 -267 0
-435 419 197 0
253 389 -163 0
-933 -841 -5 0
956 503 -907 0
-53 -951 61 0
-859 865 108 0
-181 -800 41 0
-461 920 -211 0
209 43 -332 0
-485 -597 666 0
-103 -383 85 0
651 -636 -473 0
165 920 -665 0
-170 -875 -167 0
-428 279 -469 0
840 -137 -333 0
947 -670 -484 0
987 482 -404 0
550 -691 -446 0
-881 527 -394 0
-547 981 -128 0
983 631 115 0
807 796 -35 0
-471 -965 -261 0
989 -744 -540 0
-457 -584 -28 0
-142 -530 49 0
977 869 531 0
732 418 573 0
-177 650 -99 0
-922 548 -79 0
-402 -530 -709 0
-516 -336 -504 0
-902 -158 -820 0
515 498 916 0
406 -955 851 0
-433 -448 -380 0
834 776 600 0
-364 508 -17 0
-936 36 -667 0
386 310 566 0
-464 -711 -96 0
-524 -578 -783 0
-380 832 293 0
551 -346 790 0
-466 103 96 0
-316 -535 895 0
-48 -368 671 0
999 83 178 0
-16 370 -213 0
-34 755 -522 0
-599 570 584 0
-46 -94 514 0
181 825 345 0
-473 -375 42 0
614 193 144 0
-710 860 30 0
-604 259 750 0
626 258 -832 0
-803 625 -202 0
368 -658 308 0
-889 -608 878 0
825 6 -971 0
338 -186 -795 0
-682 10 521 0
75 -623 -713 0
218 684 -573 0
-247 640 183 0
-996 265 440 0
-180 -68 64 0
733 787 73 0
40 -675 -681 0
-917 851 -686 0
239 188 223 0
385 221 -232 0
906 295 206 0
970 -512 -890 0
-542 111 -529 0
77 458 145 0
516 -637 564 0
-580 721 350 0
-652 761 377 0
684 -677 227 0
721 268 -415 0
-943 652 -635 0
526 -557 -930 0
-732 -527 793 0
-973 -420 903 0
-853 -496 -361 0
349 -12 913 0
-943 70 262 0
946 -830 638 0
-630 -858 865 0
-350 -125 631 0
-645 -777 -265 0
522 685 -546 0
605 -211 -339 0
-577 -983 593 0
-781 830 -953 0
-130 193 654 0
-42 -135 723 0
655 433 -552 0
293 414 761 0
-157 -763 -886 0
-787 -759 -14 0
-403 -281 50 0
301 -885 613 0
991 -814 -595 0
-583 946 -424 0
-888 427 969 0
-541 -468 -103 0
615 -123 887 0
-166 767 300 0
278 275 415 0
515 -61 -173 0
-528 -815 -805 0
930 -115 42 0
542 457 207 0
-136 392 -152 0
-911 -279 -579 0
231 -171 -398 0
686 -785 -872 0
572 -302 -638 0
872 -579 264 0
-286 -94 676 0
-810 -973 -491 0
967 -902 -957 0
-8 795 -414 0
-214 282 157 0
717 545 -435 0
647 775 -957 0
397 460 93 0
-268 32 -394 0
-258 -903 -324 0
-521 -540 -769 0
-197 701 94 0
-39 667 347 0
347 -674 142 0
112 -239 423 0
268 308 -967 0
54 954 -742 0
-10 -350 -201 0
-102 970 584 0
-847 579 838 0
-523 -99 -377 0
643 -647 -78 0
-736 37 -744 0
-83 -384 -770 0
576 -495 360 0
-998 115 -667 0
317 168 -621 0
-58 -178 322 0
-610 -631 -291 0
-194 -830 -869 0
-31 704 -320 0
-760 -346 -318 0
189 434 707 0
284 -516 -90 0
405 -91 -936 0
-765 -440 -50 0
783 -756 -218 0
755 165 -747 0
-77 127 -729 0
719 -320 -910 0
940 -702 965 0
-259 813 -311 0
-928 -1 -744 0
-634 637 611 0
75 41 53 0
-11 157 844 0
412 940 -600 0
981 694 116 0
79 -770 242 0
160 841 913 0
-69 780 -615 0
-34 390 779 0
696 -317 132 0
791 303 -768 0
-401 -377 160 0
-453 -739 317 0
-296 -151 256 0
-247 483 -949 0
-363 -562 71 0
956 -721 -911 0
869 -141 -690 0
835 -526 431 0
-613 573 99 0
96 363 401 0
-863 -763 130 0
-23 -567 -868 0
-339 -215 -370 0
946 813 205 0
-894 527 -766 0
316 483 -838 0
-226 -351 -330 0
-267 -185 208 0
-697 -149 -780 0
-796 -245 -143 0
548 459 -257 0
677 -481 176 0
897 -171 742 0
-266 -116 554 0
-470 -362 -81 0
-587 -677 915 0
-776 255 -265 0
-458 -521 -801 0
17 -570 301 0
-796 717 -545 0
-290 264 -4 0
899 -941 -836 0
-74 -837 -359 0
-815 454 -826 0
720 276 539 0
-800 214 568 0
-714 342 822 0
-330 -799 694 0
482 -815 615 0
783 -962 331 0
679 604 -595 0
34 502 887 0
-870 -575 -723 0
-580 -741 528 0
757 -460 -803 0
-296 -612 369 0
-863 -677 710 0
36 359 -508 0
-729 -840 -674 0
-344 -622 987 0
-674 -301 590 0
620 -334 -91 0
506 -555 -17 0
580 -486 109 0
108 -243 921 0
262 890 884 0
630 -752 -560 0
339 139 270 0
198 -867 -110 0
223 562 -83 0
-210 -236 -735 0
-799 207 -421 0
-242 -713 -327 0
-610 -292 165 0
71 751 759 0
991 13 648 0
874 -642 751 0
785 333 889 0
-55 -530 107 0
516 -753 669 0
950 314 -904 0
-685 464 462 0
-457 -705 -174 0
135 667 818 0
-299 737 -568 0
-57 -727 -580 0
56 952 -574 0
-806 -736 -906 0
46 142 787 0
153 -657 -539 0
821 -607 204 0
76 -643 668 0
537 -451 724 0
-711 937 -390 0
880 -236 478 0
-447 -644 556 0
-379 -700 507 0
304 -857 -243 0
-209 -903 736 0
347 -55 -393 0
238 227 -351 0
441 302 -345 0
108 -838 147 0
-832 -900 83 0
573 -779 -318 0
-51 578 314 0
-606 308 365 0
465 611 -221 0
-707 171 475 0
794 517 881 0
-186 754 -107 0
-888 195 760 0
584 -302 -598 0
730 -485 849 0
-813 410 980 0
482 -460 -557 0
-795 -417 -864 0
511 -881 -474 0
-732 -939 996 0
558 -733 512 0
-439 -270 266 0
897 510 -460 0
657 93 -113 0
606 -823 950 0
-454 987 359 0
-433 -468 170 0
-341 -615 -586 0
556 -125 819 0
381 -208 109 0
376 118 -841 0
888 908 463 0
-153 -804 -972 0
-964 -460 -64 0
428 417 238 0
-377 -871 -224 0
87 -655 44 0
256 348 -658 0
194 903 134 0
-12 -284 694 0
-120 -659 -811 0
-313 -546 -718 0
127 -50 873 0
-98 365 685 0
-513 -793 101 0
103 521 323 0
-326 608 -978 0
-369 -863 677 0
378 -56 -579 0
-512 -419 214 0
557 891 -873 0
-367 555 -770 0
436 681 172 0
308 -778 -536 0
-992 642 680 0
-93 744 -201 0
767 422 -808 0
96 -790 -22 0
772 520 -430 0
-351 383 200 0
-564 939 -90 0
-788 657 996 0
910 -92 676 0
-81 -399 805 0
-968 -743 -447 0
-648 187 542 0
-200 -953 963 0
-359 -49 105 0
732 -820 624 0
-161 -522 -6 0
713 -438 296 0
154 577 952 0
150 -486 -43 0
825 -918 -793 0
-630 238 887 0
428 237 -73 0
969 -436 378 0
-932 -146 -426 0
-36 -877 -597 0
11 -390 471 0
-16 454 -908 0
-311 607 836 0
614 756 674 0
-656 -581 -591 0
-800 -562 180 0
39 -989 -416 0
-111 309 203 0
840 -240 -348 0
617 627 -577 0
-214 637 -318 0
-684 4 -771 0
-943 -314 -377 0
130 -927 485 0
803 -934 417 0
-394 86 -978 0
925 124 -318 0
-341 586 -626 0
895 426 -218 0
595 42 -844 0
-171 607 833 0
840 -290 836 0
-610 -584 502 0
-338 -714 -428 0
174 -516 -714 0
-590 -261 -799 0
-919 -186 274 0
588 -878 859 0
-214 -772 -284 0
-783 -366 678 0
-978 -888 284 0
-810 -727 926 0
998 -688 -509 0
-499 -378 -574 0
-278 903 -442 0
343 -493 -54 0
-141 763 -591 0
766 351 820 0
625 916 -592 0
260 -698 -309 0
937 -27 549 0
221 189 627 0
-146 -186 -315 0
6 36 -44 0
932 -313 -946 0
-373 -656 -790 0
778 -148 -553 0
-369 266 255 0
540 -890 -170 0
-131 -149 -219 0
-792 438 597 0
-340 -658 -785 0
-966 155 322 0
-632 -160 -357 0
27 -91 -22 0
325 -815 -29 0
-114 -593 -528 0
-18 -313 -793 0
-272 -852 34 0
-793 -335 535 0
363 478 972 0
960 -817 -629 0
96 -134 -783 0
-418 118 294 0
126 -144 737 0
499 820 -551 0
879 286 -495 0
-407 -303 159 0
-551 -927 363 0
-585 71 49 0
-119 -434 526 0
442 745 694 0
-70 840 179 0
-204 -257 296 0
-497 735 792 0
585 233 -611 0
-136 112 -896 0
982 870 -551 0
-141 -420 -829 0
855 -356 -899 0
903 -826 -684 0
-428 -267 473 0
688 -268 651 0
-891 -876 -947 0
-740 -610 90 0
-324 195 -700 0
-811 306 -948 0
145 -175 850 0
637 946 -678 0
-491 -302 -928 0
-393 479 964 0
-172 98 743 0
-644 785 -10 0
-294 28 238 0
-592 119 199 0
-681 794 393 0
733 -605 698 0
32 101 224 0
-881 737 -170 0
910 579 -823 0
189 323 653 0
-152 -494 750 0
-895 -489 535 0
-256 -134 -562 0
-493 78 -680 0
-692 -758 -473 0
-84 842 -429 0
134 873 -529 0
-357 105 617 0
878 -14 195 0
-700 -203 517 0
-353 706 362 0
-102 952 -850 0
988 -208 -336 0
901 -52 -413 0
-580 95 -522 0
-405 531 -364 0
-185 -664 588 0
66 372 693 0
-682 250 -706 0
229 -949 -260 0
-745 -653 318 0
-107 269 -308 0
-94 828 995 0
-995 -880 759 0
-926 -974 -281 0
682 856 -996 0
-867 -519 935 0
284 -891 627 0
317 492 685 0
-545 792 296 0
642 -445 613 0
100 903 -882 0
-407 -996 61 0
754 -342 -940 0
512 620 -266 0
144 -301 -121 0
-139 -519 -992 0
-74 154 -234 0
52 -471 -725 0
736 367 868 0
-32 8 -312 0
996 -107 566 0
229 -866 -562 0
290 -619 -255 0
-229 482 226 0
846 626 -527 0
319 -764 -397 0
662 189 -551 0
-895 241 -373 0
-971 -976 -739 0
-838 -359 99 0
-502 -355 -205 0
-67 -583 422 0
-980 224 392 0
587 -453 874 0
812 650 499 0
690 -968 614 0
439 -629 -803 0
-989 -875 395 0
-713 197 722 0
803 387 -81 0
901 -888 787 0
458 -306 721 0
879 638 945 0
271 -224 749 0
144 387 398 0
-642 77 718 0
607 515 -346 0
-409 855 -573 0
-803 -567 121 0
-525 721 507 0
957 622 746 0
-743 79 -52 0
815 -957 41 0
-759 -227 -264 0
-507 722 -650 0
257 715 78 0
974 322 -592 0
671 -730 798 0
595 -885 -364 0
716 761 437 0
222 -717 -58 0
-968 -811 488 0
-371 977 -444 0
-411 -736 -23 0
-26 -594 96 0
-27 -850 811 0
457 175 -132 0
-48 -846 -213 0
-846 -440 449 0
-561 -155 -209 0
-997 729 -277 0
406 -696 -439 0
893 418 -416 0
-337 180 -503 0
-711 -205 448 0
-806 -583 650 0
968 -39 824 0
-99 439 21 0
664 -284 813 0
-112 -196 319 0
673 545 47 0
-949 -950 94 0
740 -843 511 0
507 -531 -690 0
-9 593 246 0
-456 750 -829 0
-105 718 -219 0
281 -816 -657 0
-301 831 -292 0
-113 -943 840 0
-432 -615 -384 0
830 -915 685 0
924 6 879 0
-434 512 -409 0
476 872 353 0
-721 -328 103 0
-901 -784 -820 0
472 416 987 0
480 -717 -818 0
-772 181 112 0
963 -612 78 0
-346 794 -992 0
382 717 350 0
261 -150 861 0
21 977 733 0
374 -698 412 0
-476 -950 547 0
647 -421 963 0
-633 -901 -679 0
802 -24 -859 0
-913 -986 -823 0
-990 -683 -616 0
-334 -64 684 0
-683 676 -833 0
895 697 -810 0
-627 -70 -859 0
390 897 160 0
937 -543 933 0
899 527 185 0
-577 329 560 0
-787 593 897 0
-961 -583 -579 0
928 268 -994 0
611 302 22 0
796 196 718 0
957 175 139 0
167 564 35 0
-326 500 -577 0
610 398 455 0
794 326 -783 0
-353 -113 -376 0
-249 425 310 0
-179 -353 -577 0
-525 315 -878 0
-546 -110 425 0
615 -66 599 0
753 584 163 0
-787 -910 662 0
-715 -519 -60 0
-169 665 -385 0
304 -17 -849 0
31 -618 626 0
-340 148 -978 0
268 -672 644 0
497 -569 -754 0
921 -183 -171 0
